
Projector IR Codes:

Power: "Protocol":"NEC","Bits":32,"Data":"0xC1AA09F6"
Menu: "Protocol":"NEC","Bits":32,"Data":"0xC1AA59A6"
Up: "Protocol":"NEC","Bits":32,"Data":"0xC1AA0DF2"
Down:"Protocol":"NEC","Bits":32,"Data":"0xC1AA4DB2"
Left:"Protocol":"NEC","Bits":32,"Data":"0xC1AACD32"
Right:"Protocol":"NEC","Bits":32,"Data":"0xC1AA8D72"
Input:"Protocol":"NEC","Bits":32,"Data":"0xC1AA39C6"


Projector IR Codes:

Power: [00:39:45][D][remote.raw:028]: Received Raw: -8943, 4455, -634, 1599, -581, 1651, -582, 534, -583, 532, -582, 534, -633, 482, -582, 533, -582, 1650, -583, 1652, -582, 533, -632, 1600, -583, 533, -633, 1601, -581, 534, -582, 1651, -582, 533, -582, 534, -582, 533, -582, 534, -582, 533, 
[00:39:45][D][remote.raw:041]:  

Input: [00:41:01][D][remote.raw:041]:   1625, -606, 1624, -615, 504, -607, 509, -609, 1620, -610, 1626, -610, 1621, -608, 510, -606, 510, -609, 506, -607, 1624, -608, 1623, -615, 503, -607
[00:41:01][D][remote.raw:028]: Received Raw: -8978, 4421, -642, 1593, -610, 1623, -610, 508, -611, 504, -605, 510, -606, 510, -605, 510, -610, 1621, -609, 1623, -613, 506, -608, 1621, -612, 507, -608, 1624, -606, 510, -609, 1623, -636, 480, -608, 508, -604, 512, -607, 1622, -640, 
[00:41:01][D][remote.raw:041]:   1594, -608, 1624, -639, 480, -606, 510, -611, 1620, -607, 1626, -611, 1622, -608, 509, -609, 506, -605, 511, -610, 1621, -605, 1627, -639, 478, -605

Menu: [00:41:31][D][remote.raw:028]: Received Raw: -8972, 4429, -578, 1653, -580, 1655, -589, 528, -578, 537, -602, 514, -606, 510, -601, 514, -602, 1629, -579, 1655, -602, 514, -606, 1624, -581, 539, -574, 1656, -586, 532, -576, 1653, -580, 539, -576, 540, -599, 1630, -580, 538, -607, 
[00:41:31][D][remote.raw:041]:   1625, -604, 1627, -579, 539, -608, 509, -608, 1623, -577, 1654, -606, 513, -576, 1653, -606, 513, -605, 511, -576, 1654, -577, 1655, -579, 540, -576
[00:41:31][D][remote.raw:028]: Received Raw: -8971, 4429, -602, 1630, -606, 1629, -577, 540, -600, 516, -578, 538, -573, 542, -575, 538, -605, 1627, -605, 1628, -605, 517, -571, 1655, -600, 519, -600, 1631, -602, 515, -600, 1631, -603, 515, -603, 512, -603, 1627, -604, 515, -600, 
[00:41:31][D][remote.raw:041]:   1630, -604, 1628, -604, 515, -602, 513, -602, 1629, -577, 1655, -606, 514, -573, 1655, -605, 514, -602, 514, -602, 1627, -603, 1630, -605, 514, -601
[00:41:32][D][remote.raw:028]: Received Raw: -8942, 4456, -607, 1629, -603, 1631, -603, 514, -602, 514, -599, 516, -602, 513, -601, 515, -600, 1631, -604, 1630, -575, 541, -599, 1633, -602, 515, -600, 1631, -602, 515, -574, 1657, -601, 516, -601, 515, -600, 1630, -604, 514, -575, 
[00:41:32][D][remote.raw:041]:   1657, -601, 1631, -602, 516, -601, 514, -600, 1630, -603, 1632, -600, 516, -601, 1631, -602, 515, -601, 514, -601, 1631, -603, 1629, -604, 514, -601

Up: [00:41:51][D][remote.raw:028]: Received Raw: -8972, 4424, -608, 1626, -609, 1627, -604, 512, -605, 511, -606, 509, -603, 513, -604, 512, -604, 1626, -611, 1625, -603, 512, -603, 1629, -638, 479, -607, 1624, -604, 512, -606, 1626, -609, 507, -605, 511, -609, 507, -607, 508, -605, 511, 
[00:41:51][D][remote.raw:041]:   -605, 1624, -642, 1592, -638, 480, -610, 1621, -640, 1594, -609, 1622, -610, 1626, -608, 1622, -613, 505, -608, 508, -605, 1624, -615, 504, -610
[00:41:51][D][remote.raw:028]: Received Raw: -8969, 4428, -609, 1625, -607, 1624, -588, 531, -604, 512, -602, 513, -605, 510, -604, 512, -603, 1627, -606, 1626, -607, 512, -578, 1652, -607, 512, -603, 1626, -608, 512, -577, 1653, -606, 512, -604, 511, -636, 480, -604, 511, -603, 513, 
[00:41:51][D][remote.raw:041]:   -602, 1630, -578, 1653, -605, 513, -604, 1627, -605, 1627, -606, 1629, -578, 1655, -578, 1655, -578, 538, -604, 512, -576, 1655, -579, 538, -609
[00:41:52][D][remote.raw:028]: Received Raw: -8967, 4433, -605, 1629, -602, 1628, -605, 514, -604, 512, -574, 542, -600, 515, -574, 541, -602, 1628, -578, 1655, -604, 515, -598, 1631, -605, 514, -601, 1629, -605, 514, -600, 1629, -604, 515, -601, 515, -601, 514, -600, 515, -574, 542, 
[00:41:52][D][remote.raw:041]:   -602, 1630, -575, 1657, -577, 540, -601, 1631, -604, 1627, -605, 1630, -603, 1628, -603, 1631, -576, 542, -601, 514, -600, 1632, -602, 515, -600
[00:41:52][D][remote.raw:028]: Received Raw: -8966, 4432, -605, 1630, -601, 1633, -601, 515, -602, 515, -600, 515, -600, 515, -575, 541, -601, 1630, -603, 1629, -603, 515, -600, 1632, -601, 515, -603, 1628, -602, 516, -599, 1632, -604, 513, -600, 515, -603, 514, -601, 514, -575, 540, 
[00:41:52][D][remote.raw:041]:   -600, 1630, -605, 1630, -602, 515, -600, 1629, -605, 1630, -603, 1628, -577, 1657, -577, 1658, -600, 516, -601, 514, -599, 1630, -578, 542, -600

Down: [00:42:08][D][remote.raw:028]: Received Raw: -8940, 4460, -601, 1634, -600, 1631, -602, 516, -601, 514, -576, 540, -600, 516, -599, 516, -599, 1631, -604, 1630, -600, 517, -600, 1630, -603, 516, -601, 1629, -602, 516, -601, 1630, -602, 516, -600, 515, -573, 1657, -603, 516, -600, 515, 
[00:42:08][D][remote.raw:041]:   -574, 1657, -603, 1630, -577, 541, -601, 1628, -604, 1630, -604, 514, -601, 1631, -602, 1630, -605, 513, -602, 513, -601, 1629, -602, 516, -601
[00:42:09][D][remote.raw:028]: Received Raw: -8969, 4430, -605, 1628, -577, 1655, -611, 508, -600, 516, -580, 535, -575, 541, -573, 542, -600, 1629, -608, 1626, -607, 512, -601, 1628, -604, 515, -575, 1654, -606, 513, -600, 1631, -577, 541, -581, 534, -600, 1629, -579, 541, -574, 541, 
[00:42:09][D][remote.raw:041]:   -599, 1633, -602, 1629, -606, 513, -598, 1632, -602, 1632, -603, 514, -574, 1656, -606, 1628, -605, 513, -574, 541, -574, 1655, -608, 511, -601
[00:42:09][D][remote.raw:028]: Received Raw: -8970, 4433, -601, 1629, -608, 1625, -608, 511, -575, 540, -576, 540, -575, 541, -574, 541, -575, 1654, -606, 1628, -578, 540, -575, 1656, -606, 512, -575, 1654, -603, 516, -575, 1655, -578, 541, -575, 541, -574, 1655, -578, 541, -600, 515, 
[00:42:09][D][remote.raw:041]:   -575, 1657, -603, 1627, -605, 515, -574, 1656, -606, 1626, -606, 513, -601, 1630, -576, 1656, -578, 541, -574, 541, -600, 1630, -605, 513, -600
[00:42:10][D][remote.raw:028]: Received Raw: -8969, 4429, -604, 1631, -576, 1654, -579, 541, -574, 541, -599, 517, -574, 541, -575, 540, -575, 1657, -576, 1658, -600, 516, -574, 1657, -603, 515, -601, 1628, -604, 515, -601, 1630, -603, 516, -599, 516, -573, 1657, -603, 515, -600, 515, 
[00:42:10][D][remote.raw:041]:   -601, 1629, -602, 1633, -600, 516, -575, 1657, -604, 1628, -603, 515, -602, 1627, -604, 1629, -604, 515, -600, 515, -600, 1631, -604, 514, -600

Left: [00:42:24][D][remote.raw:028]: Received Raw: -8978, 4419, -640, 1595, -641, 1594, -612, 504, -611, 505, -609, 507, -610, 505, -610, 505, -611, 1620, -641, 1591, -615, 504, -612, 1617, -614, 505, -611, 1619, -613, 506, -610, 1620, -614, 504, -608, 1624, -613, 1620, -613, 503, -612, 
[00:42:24][D][remote.raw:041]:   504, -612, 1619, -613, 1621, -612, 504, -638, 1592, -614, 505, -612, 503, -610, 1622, -612, 1619, -640, 479, -610, 505, -638, 1595, -611, 505, -612
[00:42:24][D][remote.raw:028]: Received Raw: -9004, 4393, -641, 1594, -613, 1622, -607, 509, -609, 507, -610, 506, -610, 505, -609, 506, -606, 1625, -611, 1621, -614, 505, -609, 1621, -640, 479, -610, 1619, -613, 505, -606, 1624, -639, 480, -603, 1626, -610, 1625, -612, 505, -607, 
[00:42:24][D][remote.raw:041]:   509, -601, 1631, -603, 1627, -607, 511, -603, 1628, -606, 512, -603, 513, -602, 1629, -604, 1627, -607, 512, -577, 539, -603, 1627, -605, 514, -605
[00:42:25][D][remote.raw:028]: Received Raw: -8969, 4431, -606, 1629, -578, 1653, -580, 539, -576, 540, -576, 540, -604, 512, -606, 508, -577, 1653, -579, 1653, -606, 514, -575, 1655, -578, 540, -576, 1654, -579, 539, -601, 1632, -577, 539, -576, 1654, -579, 1654, -579, 539, -607, 
[00:42:25][D][remote.raw:041]:   509, -603, 1627, -603, 1629, -605, 514, -576, 1653, -580, 540, -600, 515, -577, 1654, -579, 1652, -606, 513, -577, 539, -576, 1654, -580, 539, -576
[00:42:25][D][remote.raw:028]: Received Raw: -8968, 4433, -603, 1628, -603, 1631, -577, 541, -602, 514, -601, 514, -600, 516, -602, 513, -601, 1628, -606, 1630, -602, 515, -601, 1630, -603, 514, -601, 1631, -602, 514, -602, 1629, -576, 541, -602, 1631, -575, 1657, -576, 541, -601, 
[00:42:25][D][remote.raw:041]:   515, -601, 1629, -606, 1627, -606, 512, -600, 1632, -601, 515, -601, 515, -603, 1629, -602, 1630, -601, 517, -601, 513, -602, 1630, -603, 515, -600

Right: [00:42:52][D][remote.raw:028]: Received Raw: -8942, 4455, -609, 1628, -604, 1626, -606, 514, -577, 539, -601, 513, -577, 539, -602, 514, -577, 1652, -581, 1653, -604, 514, -577, 1653, -579, 540, -576, 1653, -580, 539, -577, 1654, -603, 514, -576, 1655, -579, 539, -577, 538, -577, 539, 
[00:42:52][D][remote.raw:041]:   -576, 1654, -579, 1657, -603, 513, -576, 1655, -578, 540, -574, 1657, -576, 1656, -580, 1652, -605, 514, -605, 510, -576, 1653, -606, 514, -602
[00:42:52][D][remote.raw:028]: Received Raw: -8970, 4430, -603, 1629, -609, 1624, -606, 512, -602, 514, -576, 539, -577, 540, -601, 514, -607, 1623, -579, 1655, -603, 514, -576, 1656, -578, 538, -577, 1654, -610, 508, -609, 1622, -579, 538, -578, 1655, -604, 512, -577, 539, -601, 515, 
[00:42:52][D][remote.raw:041]:   -576, 1655, -578, 1653, -604, 515, -602, 1628, -579, 539, -576, 1655, -579, 1655, -609, 1622, -604, 514, -602, 514, -592, 1639, -579, 538, -604
[00:42:52][D][remote.raw:028]: Received Raw: -9002, 4396, -605, 1629, -609, 1622, -607, 511, -606, 510, -579, 536, -604, 512, -606, 510, -604, 1625, -612, 1624, -603, 513, -606, 1623, -614, 505, -604, 1626, -613, 506, -605, 1625, -608, 510, -605, 1625, -611, 508, -607, 508, -605, 515, 
[00:42:52][D][remote.raw:041]:   -601, 1626, -579, 1655, -610, 507, -603, 1628, -604, 513, -606, 1626, -606, 1624, -614, 1620, -611, 506, -606, 511, -604, 1626, -609, 509, -609

Select:[00:43:05][D][remote.raw:041]:   515, -602, 514, -575, 540, -602, 514, -575, 1654, -579, 540, -602, 1628, -603, 516, -604, 1625, -604, 1632, -601, 1630, -605, 1627, -606, 513, -602
[00:43:06][D][remote.raw:028]: Received Raw: -8969, 4431, -605, 1628, -578, 1656, -602, 515, -600, 516, -601, 513, -601, 516, -574, 541, -575, 1656, -603, 1630, -604, 514, -603, 1629, -603, 513, -602, 1630, -576, 540, -602, 1630, -602, 515, -602, 1629, -603, 514, -603, 1629, -607, 
[00:43:06][D][remote.raw:041]:   510, -600, 515, -601, 515, -602, 513, -575, 1657, -604, 513, -601, 1630, -604, 513, -575, 1657, -604, 1627, -606, 1627, -606, 1627, -577, 542, -600
[00:43:07][D][remote.raw:028]: Received Raw: -9002, 4397, -610, 1624, -605, 1630, -603, 513, -577, 539, -602, 514, -579, 536, -604, 511, -604, 1627, -605, 1628, -606, 512, -636, 1595, -605, 512, -608, 1625, -578, 538, -603, 1628, -604, 513, -603, 1627, -605, 514, -602, 1629, -578, 
[00:43:07][D][remote.raw:041]:   539, -604, 511, -603, 514, -607, 508, -602, 1629, -604, 513, -602, 1628, -605, 514, -602, 1627, -605, 1628, -607, 1628, -605, 1627, -605, 513, -602
[00:43:08][D][remote.raw:028]: Received Raw: -9004, 4393, -609, 1626, -606, 1629, -605, 512, -602, 514, -603, 512, -577, 539, -577, 537, -602, 1629, -581, 1654, -577, 544, -598, 1629, -603, 514, -603, 1629, -605, 510, -603, 1629, -578, 540, -577, 1653, -606, 513, -601, 1630, -608, 
[00:43:08][D][remote.raw:041]:   509, -603, 512, -603, 513, -577, 538, -577, 1655, -579, 538, -635, 1595, -605, 513, -581, 1648, -581, 1652, -607, 1629, -604, 1629, -605, 512, -603
[00:43:08][D][remote.raw:028]: Received Raw: -8998, 4398, -607, 1627, -606, 1630, -602, 514, -605, 510, -605, 511, -601, 515, -576, 539, -576, 1656, -603, 1629, -604, 513, -603, 1629, -604, 512, -604, 1629, -603, 513, -603, 1629, -604, 513, -603, 1628, -605, 513, -576, 1655, -579, 
[00:43:08][D][remote.raw:041]:   537, -603, 513, -603, 513, -602, 513, -577, 1655, -584, 533, -604, 1627, -603, 514, -604, 1628, -603, 1630, -604, 1628, -604, 1628, -607, 512, -601


